% x-axis distance
d = 0.5:0.1:2.5;

% GW3 Utility
% Non-Grouping
GW3_sum_rate = [39.2122034626169	40.7886988496737	40.3810044443446	40.7332639144381	41.1572687414740	40.7471132771957	39.2768665686353	39.4890449446201	39.5874627918184	39.8009303505756	42.1669977680760	43.8838716237107	45.1936062915196	45.9317407280204	47.2723166613250	47.1853651617569	47.7718832300205	47.4843051912774	47.5435725070814	47.0826401462917	47.0574692049846];
% Grouping_3
GW3_sum_rate_g_3 = [36.4883807785629	37.7308795051551	37.3728860459833	37.6072327142983	37.9973686995754	37.7185261457742	36.5185667536973	36.6668338795290	36.7142208557518	36.6621275241810	38.3671015804878	39.4925070583333	40.2773320034456	40.7343423569656	41.6523885852149	41.5809290751909	42.0828220782823	41.9796283400349	42.0216233629883	41.7271949332218	41.6504508225641];
% Grouping_2
GW3_sum_rate_g_2 = [38.4119666233608	39.8726072528930	39.4735167296705	39.7645885950233	40.1777007937624	39.8494226482124	38.4568693379974	38.6546605835466	38.7133943885946	38.7936151112020	40.7975035163263	42.1840479066749	43.1638851559083	43.7377410273892	44.8102802255406	44.6791033780994	45.2346668378629	45.1080481535483	45.1818367442131	44.8281648607610	44.8554900677932];
% No-Selection
GW3_sum_rate_bm1 = [45.9954722097660	46.1951831320515	45.7441628841855	43.2984395474665	39.3472041591352	34.4567930803455	29.1195829752058	24.0565270142903	20.2082852887658	19.6399516432481	19.4406204136452	19.1744247466055	19.2335394664499	19.2404841777657	19.9346097473193	20.9153634670739	20.7689767649801	20.8391940245094	21.5848058749240	21.5221168738276	20.4631556922884];
% Random Selection
GW3_sum_rate_bm2 = [17.9069591118906	17.8327544516038	17.7399525665533	17.2036978319442	15.8972147800168	14.0015231035423	12.2048180630207	10.3631004094451	8.81620721928980	8.45972063164155	8.45647332902408	8.29282029404785	8.22967945469893	8.00554221943444	8.09065052345365	8.45576785820306	8.43142554150482	8.29151872029544	8.35662229843047	8.33532873271849	7.77371482099391];
% Upperbound
GW3_sum_rate_ub = [53.9098243186333	54.1081832569851	54.1416730034662	53.8640473124788	55.7793589198790	56.6054575210039	57.1872312795002	59.1098885843774	61.4899888839763	64.2925230320309	67.5579263541026	70.4055178478427	72.2627794778417	72.3099301224128	71.5788513003380	71.7002770058622	73.3054868379193	72.9859374317630	72.5404868830431	73.6215402267138	73.2567277390457];

% GW2 Utility
% Non-Grouping
GW2_sum_rate = [28.2481761681455	28.3708428064727	28.7169467798804	28.8607097161193	29.9201731972422	29.7737668464391	29.3674917289698	29.9381737036045	30.7226645300296	30.5722335157520	31.4842547393556	32.8131083637659	32.3131539116969	32.6818096045997	32.5968078514695	31.7550955528945	32.1739164606803	32.1341129184554	32.5203123106266	32.8400655621753	34.0616626623404];
%Grouping_3
GW2_sum_rate_g_3 = [25.8932068776579	25.9483763074954	26.1911208883508	26.2283271571614	27.0566867369796	26.8768940025726	26.4830051077779	26.9026307199080	27.5138287133057	27.3323872857671	27.9524779173236	29.0164192247075	28.5573419564034	28.7239061817420	28.5902319252242	27.9496378474505	28.2128207806627	28.2348203883258	28.5158216731600	28.7830014161223	29.7364421907015];
% Grouping_2
GW2_sum_rate_g_2 = [27.3914164017248	27.5074802005778	27.7824003890404	27.8829257869979	28.8008410807240	28.6526428774355	28.2214036990223	28.7327824838401	29.4527166940797	29.3350690458221	30.0508285380233	31.2232880538565	30.7076682362918	30.8935194536907	30.6982856199692	29.9776668615182	30.3119243927198	30.3160156376445	30.6502853877279	30.9740975532588	32.0218104565687];
% No-Selection
GW2_sum_rate_bm1 = [29.6181328906039	29.9384392943014	29.7593150709631	28.9719857797249	26.1843555900915	24.1494774772985	21.6261034167518	19.5300808388208	18.1894236722292	18.1202458685849	17.9756980709997	17.9572396546298	17.6616522788135	17.7623634390724	17.1414637193662	17.2711804108624	17.0524721894029	16.6353304494544	16.9506537259637	17.2477390909400	17.3765074167239];
% Random Selection
GW2_sum_rate_bm2 = [17.2457532054750	17.3663269882177	17.2907594525386	16.8924805555539	15.5167682184666	13.9972784873601	12.4525945517520	11.1618205657872	10.3509025821124	10.2464240169133	10.2753443009275	10.2189639587400	9.94558509840747	9.98797708846811	9.45599277758972	9.59662149270788	9.55226521494655	9.45452011889867	9.10479902615183	9.19748388357335	8.94210700577748];
% Upperbound
GW2_sum_rate_ub = [37.8590078035604	38.1658350218866	38.3151907036251	39.2153568207476	40.1615737509712	41.0071040615363	41.2180617591857	41.9339993413600	43.4427530331819	44.2574102711109	45.7775250319445	47.0019809944892	47.1140882903433	46.8677084132730	46.0264441619740	45.7798696465479	45.9788247033476	47.0176048348019	48.0346499198619	48.8633577433951	48.6442644279396];

% Rario of gourping to non-grouping 
GW2_g2_ratio = 100*GW2_sum_rate_g_2./GW2_sum_rate;
GW2_g3_ratio = 100*GW2_sum_rate_g_3./GW2_sum_rate;
GW3_g2_ratio = 100*GW3_sum_rate_g_2./GW3_sum_rate;
GW3_g3_ratio = 100*GW3_sum_rate_g_3./GW3_sum_rate;

% Ratio of the proposed to the upper bound.
GW2_ub_ratio = 100*GW2_sum_rate./GW2_sum_rate_ub;
GW2_g2_ub_ratio = 100*GW2_sum_rate_g_2./GW2_sum_rate_ub;
GW2_g3_ub_ratio = 100*GW2_sum_rate_g_3./GW2_sum_rate_ub;
GW3_ub_ratio = 100*GW3_sum_rate./GW3_sum_rate_ub;
GW3_g2_ub_ratio = 100*GW3_sum_rate_g_2./GW3_sum_rate_ub;
GW3_g3_ub_ratio = 100*GW3_sum_rate_g_3./GW3_sum_rate_ub;

% Gap between the proposed to No-Selection
GW2_bm1_ratio = 100*GW2_sum_rate./GW2_sum_rate_bm1;
