%x-axis
avail_time = 0:0.1:3;

% Utility Function
GW3_obj_ub = [21.56781815	21.56781815	21.56781815	21.56781815	21.56781815	21.56781815	21.56781815	21.56781815	21.56781815	21.56781815	21.56781815	21.56781815	21.56781815	21.56781815	21.56781815	21.56781815	21.56781815	21.56781815	21.56781815	21.56781815	21.56781815	21.56781815	21.56781815	21.56781815	21.56781815	21.56781815	21.56781815	21.56781815	21.56781815	21.56781815	21.56781815	21.56781815	21.56781815	21.56781815	21.56781815	21.56781815	21.56781815	21.56781815	21.56781815	21.56781815	21.56781815];
GW3_obj_bm2 = [0	1.249161341	2.657821308	3.875428504	4.970422679	5.795351925	6.4324628	6.762472246	7.09070772	7.288631261	7.335410621	7.423230216	7.34694003	7.46986617	7.335858083	7.50562002	7.415202652	7.430664437	7.414942267	7.418715572	7.445659951	7.44418225	7.450198604	7.451022004	7.407710473	7.479100863	7.464292321	7.405027028	7.370403962	7.447221816	7.343538271	7.472891663	7.483736159	7.462340448	7.405998629	7.393710327	7.443168681	7.423537842	7.476407332	7.360905626	7.469616694];
GW3_obj_bm1 = [0	2.679047555	5.149697073	7.192393143	8.990973011	10.48899784	11.81283114	13.06150155	14.1640481	15.13788686	15.98563634	16.75548153	17.47688767	18.08054896	18.63623534	19.07945056	19.50193133	19.86763201	20.15030172	20.40342916	20.61156622	20.82966997	20.95525551	21.09733988	21.18530749	21.26777204	21.33945181	21.38321794	21.4304263	21.46543988	21.49389006	21.51021637	21.529091	21.54165408	21.55186455	21.55624182	21.56301193	21.56578985	21.56726335	21.56774593	21.56774593];
GW3_obj = [7.22E-05	5.83543737	11.00368276	12.27572417	13.09655698	13.8490949	14.542278	15.19791836	15.81891186	16.38818052	16.93942661	17.45825981	17.93013334	18.37494217	18.7841107	19.13651339	19.4586603	19.74096381	19.98407351	20.19528035	20.37704015	20.53995954	20.66668001	20.76836881	20.85430211	20.91713338	20.97291888	21.01051392	21.03756692	21.05919658	21.07566749	21.0874551	21.09438205	21.09975068	21.1023731	21.10295596	21.10295596	21.10295596	21.10295596	21.10295596	21.10295596];
GW3_obj_g_2 = [7.22E-05	5.164325728	9.884951495	12.0066908	12.98436967	13.75705889	14.46711338	15.14183032	15.77076544	16.35579022	16.91024522	17.43202668	17.9061279	18.34815584	18.7475586	19.10732935	19.41964986	19.7144935	19.95613508	20.16583961	20.3460179	20.51269597	20.63830795	20.74532431	20.82944249	20.89757117	20.95583889	20.99936862	21.03369363	21.06043264	21.08059209	21.09374495	21.10338952	21.10991802	21.11474415	21.11767731	21.11928016	21.11928016	21.11928016	21.11928016	21.11928016];
GW3_obj_g_3 = [7.22E-05	2.477755436	8.710206397	11.52509648	12.82697923	13.67328859	14.39851387	15.07489394	15.71359735	16.32201399	16.86370304	17.38712172	17.86360451	18.3042204	18.7076547	19.061635	19.38906226	19.67035142	19.91607489	20.13100534	20.31294216	20.47085537	20.59327595	20.70404197	20.79655216	20.8744881	20.93661415	20.98564586	21.02084318	21.05329771	21.07362268	21.08783024	21.09808262	21.10424378	21.10716003	21.11103166	21.11302749	21.11501417	21.11691998	21.11799165	21.11844082];

%Sum rate
GW3_sum_rate_ub = [70.3080676113831	70.3080676113831	70.3080676113831	70.3080676113831	70.3080676113831	70.3080676113831	70.3080676113831	70.3080676113831	70.3080676113831	70.3080676113831	70.3080676113831	70.3080676113831	70.3080676113831	70.3080676113831	70.3080676113831	70.3080676113831	70.3080676113831	70.3080676113831	70.3080676113831	70.3080676113831	70.3080676113831	70.3080676113831	70.3080676113831	70.3080676113831	70.3080676113831	70.3080676113831	70.3080676113831	70.3080676113831	70.3080676113831	70.3080676113831	70.3080676113831];
GW3_sum_rate_bm2 = [0	4.31379401379947	8.87020996215083	13.2245600197671	16.3372018541333	18.8634620511324	20.9521236021381	22.5263156805967	22.4498800840834	23.0202208817291	23.1267716648457	23.2271032131561	23.4608729401781	23.3167839315051	23.2637563378230	23.9629894429686	23.3736195882954	23.6987371198502	23.6319080711361	23.6616298513725	23.5155009979847	23.5441520259398	23.7705377982400	23.6444145303917	23.4697038039411	23.7955923310608	23.4373755747778	23.1673320051587	23.5714763061120	23.2432175911574	24.0815346665943];
GW3_sum_rate_bm1 = [0	10.3800325090371	20.1594706854668	27.7530592712759	33.8342937621114	38.9175154878874	43.2974429612076	47.2004487297664	50.6356274537348	53.4738942426577	56.1033750919313	58.1578043201966	60.1696407041989	61.8281893957652	63.3895092413687	64.6046887596310	65.6413593334306	66.4672268552772	67.3009411914052	67.7900619495680	68.2947003953355	68.7369547010658	69.1284781391109	69.2711122306263	69.5158457204376	69.7493414363751	69.8524104625767	69.9819611874271	70.0207992490176	70.1528384616313	70.1796454248858];
GW3_sum_rate = [0.000147434793326597	31.8428143631041	58.8178998756235	62.1857128784181	62.7933363723746	63.3408130095466	63.8597025623079	64.3694560374975	64.8440394705413	65.3059486692300	65.7766835590820	66.2025268347647	66.5921034721582	66.9692295904143	67.3453553881270	67.6713276498279	67.9998201739370	68.3034971808657	68.5857566581525	68.8305195260294	69.0575409986791	69.2647566849743	69.4338158568090	69.5696543520781	69.6893256421703	69.7780060380857	69.8578053552075	69.9109850379590	69.9538061494453	69.9830966306201	70.0070215969285];
GW3_sum_rate_g_2 = [0.000147434793326597	27.9776697568015	52.4181324435500	61.1231572413653	62.7385996396024	63.3334398033528	63.8876767958810	64.3905377575160	64.8814771018124	65.3489739238110	65.7991021987123	66.2258567432966	66.6203176689769	67.0122797421276	67.3708728072437	67.7112037778426	68.0245667196774	68.3332185657467	68.6021039832893	68.8440680309550	69.0564905933246	69.2664748558013	69.4275045877048	69.5689528936358	69.6787767111577	69.7737304593557	69.8498559574824	69.9092519010398	69.9577144842287	69.9950180074372	70.0249972255431];
GW3_sum_rate_g_3 = [0.000147434793326597	13.1551636778133	45.8803118137747	58.6201785223239	62.3315391784236	63.3235851609314	63.8803214679420	64.3957514717942	64.8885341810708	65.3577724063384	65.7953661941084	66.2300799855105	66.6329789943761	67.0147809371690	67.3801981364385	67.7103255022800	68.0399732355532	68.3309011707898	68.5923782417782	68.8317124249687	69.0475573616372	69.2380710989426	69.3849975939698	69.5227042827559	69.6396314410652	69.7449086513634	69.8289902452296	69.8983187873347	69.9470289982365	69.9916874423403	70.0198513678648];
