% x-axis obj
d = 0.5:0.1:2.5;

% GW3 Utility
% Non-Grouping
GW3_obj = [9.79598577059108	9.82247523493031	9.81046538996957	9.72740978510650	9.87753220932005	9.81592671233821	9.70219798982454	9.78889819426058	9.90583956794366	10.1435014284735	10.5321904345874	10.8510992705652	10.9868143127582	10.9147382303293	10.8702391075675	10.8804944034486	10.9805447656778	10.9500000272965	10.9147773925035	11.0072070429121	10.8723545780910];
%Grouping_3
GW3_obj_g_3 = [8.02797256806638	8.01529931870448	7.99149299998013	7.91280285553221	8.04539282804409	8.00845160802455	7.93582553975832	7.97482692987543	8.05701062695564	8.16114002561147	8.38075058913618	8.58374385417445	8.70805910834812	8.63056535055757	8.56097152310793	8.54668090613891	8.62200021031004	8.57602547237776	8.55677039509573	8.63175824902753	8.57171718467439];
% Grouping_2
GW3_obj_g_2 = [8.97890602818003	8.98731226052555	8.96914330841094	8.89857285606107	9.03626460753307	9.00477081037004	8.91769810762172	8.98550660948196	9.07289753082974	9.22083224824766	9.49417399727678	9.73311956557450	9.85626203410908	9.78076031373605	9.73107793397176	9.72748551265377	9.81949407148247	9.77776544438295	9.75762879687169	9.84530136804909	9.76042565035506];
% No-Selection
GW3_obj_bm1 = [8.71589689035149	8.74537633519170	8.67127605819720	8.28703466540928	7.76482705938227	7.09130727332754	6.32458061289543	5.64643153306125	5.10890062089761	5.04399110583457	5.02361558029230	5.00153557978820	4.97795363463709	4.95016747686269	5.04951590607652	5.20800227655058	5.20474376115216	5.24530182829280	5.37721693996547	5.38206674503358	5.20896694700719];
% Random Selection
GW3_obj_bm2 = [3.40192720530054	3.41688846677598	3.42099254331357	3.37503370176182	3.30146096370074	3.09423862210614	2.88560960190226	2.69705294630830	2.50769668868137	2.46241098994409	2.48085456476901	2.46251191898943	2.43446925854242	2.38926277231694	2.38468246309097	2.41622581920140	2.42657279301492	2.40616537539916	2.40473117716843	2.40146923817742	2.32822090349157];
% Upperbound
GW3_obj_ub = [10.3303088678450	10.3679253036940	10.4124931888349	10.6056022588435	11.9971398026166	13.4883018749836	14.9694844555356	16.9704739157575	18.8217784847410	20.2486506245568	21.3226959685600	22.4746763518028	23.0942671841170	23.2191783557273	22.8935275483367	22.6455715596567	23.3442767548781	23.5208133810645	23.3896671586212	23.7892680420292	24.4177025415792];

% GW2 Utility
% Non-Grouping
GW2_obj = [6.68193772061772	6.74226705836887	6.74664001981578	6.85609593213262	6.93318732603075	7.01370776869255	6.98528533166092	7.03939759700783	7.18107727149932	7.24092285690926	7.37372137268123	7.50677906232729	7.47089664690266	7.45740749264259	7.28142552672007	7.24318475988199	7.22353157846536	7.33571618073608	7.44152994147553	7.56939250300070	7.54874674783908]; 
%Grouping_3
GW2_obj_g_3 = [5.33489118341595	5.37528239541838	5.37927694983261	5.43760066090897	5.52683078475329	5.58887261344519	5.58059262318565	5.61920584703973	5.72002225190088	5.73147015109265	5.79930161666773	5.88553362374906	5.87210354547938	5.84902935049208	5.75115596013522	5.72484490961996	5.69480732697092	5.76847521511326	5.82643381827907	5.89875824478095	5.87998720899719];
% Grouping_2
GW2_obj_g_2 = [6.03553616760803	6.09601481055759	6.09764887065350	6.17201977437083	6.25910902362419	6.33739787754884	6.31912712732922	6.35290343734873	6.46764673975927	6.49523947628316	6.57962205075517	6.67183155546307	6.66361743309336	6.65106871079520	6.52870347320042	6.49352725880477	6.47847851042316	6.56917342200498	6.64001107574551	6.72998904420669	6.72305722345139];
% No-Selection
GW2_obj_bm1 = [5.64600732388057	5.70714116368213	5.68089915784354	5.58034995953804	5.17233923260017	4.89898316397937	4.53583653916435	4.24057385237033	4.06836273153466	4.06638103402183	4.05002973728537	4.05497399598525	4.00194642406251	4.02289035766523	3.90581918311706	3.92259263857242	3.88282105839246	3.84167117818412	3.89897176048769	3.96368633656241	3.98727916141853];
% Random Selection
GW2_obj_bm2 = [3.33759988014171	3.35980077280270	3.35131965540442	3.31611292728182	3.14927031758803	2.94758494644346	2.74604469094000	2.58083720953577	2.48906136302356	2.47865367634976	2.49221381084858	2.48622184597151	2.43503631434384	2.43820177198401	2.33192381606818	2.34622825091502	2.33514606736431	2.33663977830537	2.27758476033293	2.30196456824415	2.25657374747087];
% Upperbound
GW2_obj_ub = [7.37813860108254	7.43803626101263	7.49305537353937	7.84469179197624	8.48766635735382	9.26860277600386	9.88616698871529	10.5447106072572	11.3045854840109	11.6346381115710	12.0890714695764	12.4535366706765	12.5805612741850	12.5628981663451	12.5568581841379	12.4814892958073	12.5326498032129	12.9886345361521	13.3610367492077	13.5613921822727	13.5598306817021];

% Rario of gourping to non-grouping 
GW2_g2_ratio = 100*GW2_obj_g_2./GW2_obj;
GW2_g3_ratio = 100*GW2_obj_g_3./GW2_obj;
GW3_g2_ratio = 100*GW3_obj_g_2./GW3_obj;
GW3_g3_ratio = 100*GW3_obj_g_3./GW3_obj;

% Ratio of the proposed to the upper bound.
GW2_ub_ratio = 100*GW2_obj./GW2_obj_ub;
GW2_g2_ub_ratio = 100*GW2_obj_g_2./GW2_obj_ub;
GW2_g3_ub_ratio = 100*GW2_obj_g_3./GW2_obj_ub;
GW3_ub_ratio = 100*GW3_obj./GW3_obj_ub;
GW3_g2_ub_ratio = 100*GW3_obj_g_2./GW3_obj_ub;
GW3_g3_ub_ratio = 100*GW3_obj_g_3./GW3_obj_ub;

% Gap between the proposed to No-Selection
GW2_bm1_ratio = 100*GW2_obj./GW2_obj_bm1;
