% x-axis Utility
d = 0.5:0.1:2.5;

% GW2 Sum Rate
% Non-Grouping
GW2_sum_rate = [36.2265027035384	36.5425390150358	36.5636001714413	37.1361902284672	37.4970991008054	37.7956374048607	37.4997873306130	37.7060125715735	38.4322763385019	38.7865175706238	39.6095544144449	40.3828762885185	40.2037302293035	40.0899698923939	39.1138943999411	38.9035639923385	38.8535066392275	39.4556903611756	40.1119582950667	40.8260770716308	40.6956993666487];
%Grouping_3
GW2_sum_rate_g_3 = [28.6496885422250	28.8623111804768	28.8779358793194	29.1367232887597	29.4995770072502	29.7038372823936	29.5069831507962	29.6034689122655	30.0886792092953	30.1644842685820	30.5893416878400	31.0886872040249	31.0382029375619	30.8792463177834	30.3673185104635	30.2314240208669	30.1028382354749	30.4877740668361	30.8764175632317	31.2724237449387	31.1704019625752];
% Grouping_2
GW2_sum_rate_g_2 = [32.5487336513695	32.8741901316700	32.8790284174729	33.2349814357167	33.6108997305036	33.9057422117205	33.6575216041061	33.7292521859600	34.2999741451177	34.4676348421638	34.9984451188146	35.5310677475413	35.5123698280578	35.4049944742212	34.7472389350700	34.5568164745717	34.5270159333862	35.0133154811033	35.4754996959783	35.9728809044564	35.9345484292976];
% No-SelectionGW2GW3
GW2_sum_rate_bm1 = [29.6181328906039	29.9384392943014	29.7593150709631	28.9719857797249	26.1843555900915	24.1494774772985	21.6261034167518	19.5300808388208	18.1894236722292	18.1202458685849	17.9756980709997	17.9572396546298	17.6616522788135	17.7623634390724	17.1414637193662	17.2711804108624	17.0524721894029	16.6353304494544	16.9506537259637	17.2477390909400	17.3765074167239];
% Random Selection
GW2_sum_rate_bm2 = [17.2457532054750	17.3663269882177	17.2907594525386	16.8924805555539	15.5167682184666	13.9972784873601	12.4525945517520	11.1618205657872	10.3509025821124	10.2464240169133	10.2753443009275	10.2189639587400	9.94558509840747	9.98797708846811	9.45599277758972	9.59662149270788	9.55226521494655	9.45452011889867	9.10479902615183	9.19748388357335	8.94210700577748];
% Upperbound
GW2_sum_rate_ub = [37.8590078035604	38.1658350218866	38.3151907036251	39.2153568207476	40.1615737509712	41.0071040615363	41.2180617591857	41.9339993413600	43.4427530331819	44.2574102711109	45.7775250319445	47.0019809944892	47.1140882903433	46.8677084132730	46.0264441619740	45.7798696465479	45.9788247033476	47.0176048348019	48.0346499198619	48.8633577433951	48.6442644279396];

% GW3 Sum Rate
% Non-Grouping
GW3_sum_rate = [52.9053004052519	53.0720277912907	53.0007914614894	52.4447090981762	53.0221070516079	52.3650606814891	51.5020773238682	51.7733661770613	52.3700888495691	53.8079803231979	56.1233791225292	57.9346337499683	58.7805159234550	58.4683225483169	58.1898705560059	58.2786021285315	58.9085516087635	58.6613930814037	58.3957587345575	58.9367301025188	58.1526612014146];
%Grouping_3
GW3_sum_rate_g_3 = [43.1067745371414	43.0578923630393	42.9107080192119	42.3497892726066	42.8470075140279	42.3849700631888	41.7640660713292	41.7662589354171	42.1498068965214	42.7825859045523	44.0436091954030	45.1422464632998	45.8756209723072	45.5092792803200	45.0879585282067	45.0448480983001	45.5300337892799	45.2286630899230	45.0852980432817	45.5291269976844	45.1835242696814];
% Grouping_2
GW3_sum_rate_g_2 = [48.3712460936235	48.4377297995689	48.3234239821862	47.8189684906600	48.3351856787521	47.8813653434914	47.1661297791315	47.3264990212945	47.7336796951120	48.6246399336923	50.2233437740661	51.5527128951154	52.3015959403969	51.9594632027794	51.6564554803107	51.6648460456700	52.2474070274677	51.9510991747578	51.7909436177646	52.3043722481620	51.8194224888884];
% No-SelectionGW2GW3
GW3_sum_rate_bm1 = [45.9954722097660	46.1951831320515	45.7441628841855	43.2984395474665	39.3472041591352	34.4567930803455	29.1195829752058	24.0565270142903	20.2082852887658	19.6399516432481	19.4406204136452	19.1744247466055	19.2335394664499	19.2404841777657	19.9346097473193	20.9153634670739	20.7689767649801	20.8391940245094	21.5848058749240	21.5221168738276	20.4631556922884];
% Random Selection
GW3_sum_rate_bm2 = [17.9069591118906	17.8327544516038	17.7399525665533	17.2036978319442	15.8972147800168	14.0015231035423	12.2048180630207	10.3631004094451	8.81620721928980	8.45972063164155	8.45647332902408	8.29282029404785	8.22967945469893	8.00554221943444	8.09065052345365	8.45576785820306	8.43142554150482	8.29151872029544	8.35662229843047	8.33532873271849	7.77371482099391];
% Upperbound
GW3_sum_rate_ub = [53.9098243186333	54.1081832569851	54.1416730034662	53.8640473124788	55.7793589198790	56.6054575210039	57.1872312795002	59.1098885843774	61.4899888839763	64.2925230320309	67.5579263541026	70.4055178478427	72.2627794778417	72.3099301224128	71.5788513003380	71.7002770058622	73.3054868379193	72.9859374317630	72.5404868830431	73.6215402267138	73.2567277390457];

% Ratio of grouping to non-grouping 
GW2_g2_ratio = 100*GW2_sum_rate_g_2./GW2_sum_rate;
GW2_g3_ratio = 100*GW2_sum_rate_g_3./GW2_sum_rate;
GW3_g2_ratio = 100*GW3_sum_rate_g_2./GW3_sum_rate;
GW3_g3_ratio = 100*GW3_sum_rate_g_3./GW3_sum_rate;

% Ratio of the proposed to the upper bound.
GW2_sr_ratio = 100*GW2_sum_rate./GW2_sum_rate_ub;
GW2_g2_sr_ratio = 100*GW2_sum_rate_g_2./GW2_sum_rate_ub;
GW2_g3_sr_ratio = 100*GW2_sum_rate_g_3./GW2_sum_rate_ub;
GW3_sr_ratio = 100*GW3_sum_rate./GW3_sum_rate_ub;
GW3_g2_sr_ratio = 100*GW3_sum_rate_g_2./GW3_sum_rate_ub;
GW3_g3_sr_ratio = 100*GW3_sum_rate_g_3./GW3_sum_rate_ub;

% Gap between the proposed to No-Selection
GW2_bm1_ratio = 100*GW2_sum_rate./GW2_sum_rate_bm1;
