% x-axis distance
d = 0.5:0.1:2.5;

% GW3 Utility
% Non-Grouping
GW3_obj = [7.32515621969324	7.63587949290063	7.56464375546279	7.67931664162840	7.84424504747172	7.89079606819637	7.68721207545084	7.81049482839904	7.85448115199942	7.86230724623907	8.24264988177414	8.51706236608460	8.70458571314593	8.82166771396183	9.06185110526609	9.03943513616150	9.15820831487136	9.12077576258593	9.13175877759532	9.04899930963086	9.03873226631396];
% Grouping_3
GW3_obj_g_3 = [6.80391181943870	7.05126587843930	6.98953743125028	7.08239234683996	7.22767309570704	7.27127918512496	7.10212626419134	7.20071636817879	7.22783231017032	7.20009841468616	7.48654537966085	7.67599027871100	7.78819108770933	7.86424916883907	8.03401463994660	8.01432044962391	8.11183827815433	8.09929477681556	8.10232790089678	8.04376496129617	8.02232228486637];
% Grouping_2
GW3_obj_g_2 = [7.15938772704056	7.44645372227360	7.37712597265834	7.47923395050090	7.63288954822215	7.67789920992123	7.47989618986041	7.59275941996268	7.62611430632180	7.61715679144824	7.94673955771321	8.17514084349657	8.31483178479766	8.40846295988326	8.60554561010058	8.57662717407821	8.68664953359578	8.67252996668792	8.68240683054161	8.61515423027366	8.61229801537355];
% No-Selection
GW3_obj_bm1 = [8.71589689035149	8.74537633519170	8.67127605819720	8.28703466540928	7.76482705938227	7.09130727332754	6.32458061289543	5.64643153306125	5.10890062089761	5.04399110583457	5.02361558029230	5.00153557978820	4.97795363463709	4.95016747686269	5.04951590607652	5.20800227655058	5.20474376115216	5.24530182829280	5.37721693996547	5.38206674503358	5.20896694700719];
% Random Selection
GW3_obj_bm2 = [3.40192720530054	3.41688846677598	3.42099254331357	3.37503370176182	3.30146096370074	3.09423862210614	2.88560960190226	2.69705294630830	2.50769668868137	2.46241098994409	2.48085456476901	2.46251191898943	2.43446925854242	2.38926277231694	2.38468246309097	2.41622581920140	2.42657279301492	2.40616537539916	2.40473117716843	2.40146923817742	2.32822090349157];
% Upperbound
GW3_obj_ub = [10.3303088678450	10.3679253036940	10.4124931888349	10.6056022588435	11.9971398026166	13.4883018749836	14.9694844555356	16.9704739157575	18.8217784847410	20.2486506245568	21.3226959685600	22.4746763518028	23.0942671841170	23.2191783557273	22.8935275483367	22.6455715596567	23.3442767548781	23.5208133810645	23.3896671586212	23.7892680420292	24.4177025415792];

% GW2 Utility
% Non-Grouping
GW2_obj = [5.31103676047539	5.32566691615078	5.38780438187378	5.42097943303905	5.64027083800303	5.64076933417661	5.59370164362040	5.73072466718381	5.90174722647946	5.87960644419136	6.03158018743360	6.28305610546584	6.18055741226147	6.22363346876220	6.19235821813184	6.03912305368189	6.10848168249146	6.10262095007834	6.17765362398945	6.24450910436665	6.46805852563372];
%Grouping_3
GW2_obj_g_3 = [4.87260262910497	4.87685881900583	4.92378764422466	4.94024905336091	5.12107272222940	5.11517838201503	5.06908244612596	5.17758221477353	5.31737389614681	5.28835254265976	5.39450193447869	5.60123395051687	5.50808672517305	5.51962846563479	5.48230274306902	5.36225890462374	5.40579182546811	5.40947213534068	5.46673574015554	5.52331102667667	5.70257824911544];
% Grouping_2
GW2_obj_g_2 = [5.14711945667663	5.16147940821224	5.21315055114747	5.24049033340565	5.43627591934359	5.43587244118673	5.38380649108286	5.50861288420018	5.66696907362077	5.64840109715961	5.76957428381612	5.99472341232752	5.89111438364223	5.90570968954032	5.85782124833274	5.72450632532087	5.77930616815867	5.78104557262663	5.84731106032016	5.91432068722962	6.10912615841693];
% No-Selection
GW2_obj_bm1 = [5.64600732388057	5.70714116368213	5.68089915784354	5.58034995953804	5.17233923260017	4.89898316397937	4.53583653916435	4.24057385237033	4.06836273153466	4.06638103402183	4.05002973728537	4.05497399598525	4.00194642406251	4.02289035766523	3.90581918311706	3.92259263857242	3.88282105839246	3.84167117818412	3.89897176048769	3.96368633656241	3.98727916141853];
% Random Selection
GW2_obj_bm2 = [3.33759988014171	3.35980077280270	3.35131965540442	3.31611292728182	3.14927031758803	2.94758494644346	2.74604469094000	2.58083720953577	2.48906136302356	2.47865367634976	2.49221381084858	2.48622184597151	2.43503631434384	2.43820177198401	2.33192381606818	2.34622825091502	2.33514606736431	2.33663977830537	2.27758476033293	2.30196456824415	2.25657374747087];
% Upperbound
GW2_obj_ub = [7.37813860108254	7.43803626101263	7.49305537353937	7.84469179197624	8.48766635735382	9.26860277600386	9.88616698871529	10.5447106072572	11.3045854840109	11.6346381115710	12.0890714695764	12.4535366706765	12.5805612741850	12.5628981663451	12.5568581841379	12.4814892958073	12.5326498032129	12.9886345361521	13.3610367492077	13.5613921822727	13.5598306817021];
% Rario of grouping to non-grouping 
GW2_g2_ratio = 100*GW2_obj_g_2./GW2_obj;
GW2_g3_ratio = 100*GW2_obj_g_3./GW2_obj;
GW3_g2_ratio = 100*GW3_obj_g_2./GW3_obj;
GW3_g3_ratio = 100*GW3_obj_g_3./GW3_obj;

% Ratio of the proposed to the upper bound.
GW2_ub_ratio = 100*GW2_obj./GW2_obj_ub;
GW2_g2_ub_ratio = 100*GW2_obj_g_2./GW2_obj_ub;
GW2_g3_ub_ratio = 100*GW2_obj_g_3./GW2_obj_ub;
GW3_ub_ratio = 100*GW3_obj./GW3_obj_ub;
GW3_g2_ub_ratio = 100*GW3_obj_g_2./GW3_obj_ub;
GW3_g3_ub_ratio = 100*GW3_obj_g_3./GW3_obj_ub;

% Gap between the proposed to No-Selection
GW2_bm1_ratio = 100*GW2_obj./GW2_obj_bm1;
